   374   108    47    10     8     2     3     0     0     0     3
   128   289   307    97    25     5     0     1     0     0     0
    45   157   874   674   130    21     6     3     0     1     0
    13    81   542  1996  1182   192    27     5     0     1     2
     6    16   100   991  4067  1850   199    19     6     3     0
     2     5    11   173  1717  6334  1530   152    17     7     0
     0     0     4    21   246  1918  4005  1036   120    20     1
     2     0     5     8    41   239  1476  2074   449    54    17
     1     1     3     2     4    42   179   674   794   207    79
     7     1     6     1     1    20    31   124   331   236   148
     5     0    23     5     0    21    11    17    72   152   357
